406.0
396.0
392.0
388.0
378.0
384.0
370.0
348.0
342.0
342.0
358.0
370.0
364.0
370.0
350.0
358.0
370.0
356.0
362.0
368.0
362.0
370.0
360.0
368.0
362.0
360.0
366.0
372.0
368.0
364.0
368.0
356.0
364.0
370.0
374.0
372.0
384.0
340.0
378.0
414.0
409.0
458.0
481.0
527.0
545.0
596.0
597.0
594.0
861.63
769.33
911.72
1123.99
1324.66
1287.34
1252.86
1194.9
1022.23
773.37
997.43
980.62
1126.65
1202.97
1300.79
1416.54
1422.66
1509.78
1737.72
2026.78
1551.21
1407.94
1848.58
2067.88
1843.26
2149.84
2176.9
2725.82
2486.29
2469.95
2409.48
2083.94
1983.16
2317.22
2363.65
3203.32
2803.73
2188.01
2347.5
2831.31
2657.52
2399.9
2257.56
2169.35
2098.8
1645.67
1156.05
853.44
936.5
1277.11
985.66
